rank	disease_name	disease_identifier	correct_ID	grounded_score	is_correct
1	Early infantile epileptic encephalopathy (Ohtahara syndrome)	MONDO:0018614	('OMIM:613721', 'Developmental and epileptic encephalopathy 11')	0.0	False
2	Early myoclonic encephalopathy	MONDO:0016022	('OMIM:613721', 'Developmental and epileptic encephalopathy 11')	0.0	False
3	KCNQ2-related neonatal epileptic encephalopathy	MONDO:0013387	('OMIM:613721', 'Developmental and epileptic encephalopathy 11')	0.0	False
