rank	disease_name	disease_identifier	correct_ID	grounded_score	is_correct
1	Rubinstein-Taybi syndrome	MONDO:0019188	('OMIM:618505', 'Neurodevelopmental disorder with coarse facies and mild distal skeletal abnormalities')	0.0	False
2	Coffin-Siris syndrome	MONDO:0015452	('OMIM:618505', 'Neurodevelopmental disorder with coarse facies and mild distal skeletal abnormalities')	0.0	False
2	Coffin-Siris syndrome	MONDO:0007617	('OMIM:618505', 'Neurodevelopmental disorder with coarse facies and mild distal skeletal abnormalities')	0.0	False
3	Smith-Magenis syndrome	MONDO:0008434	('OMIM:618505', 'Neurodevelopmental disorder with coarse facies and mild distal skeletal abnormalities')	0.0	False
4	Cornelia de Lange syndrome	MONDO:0016033	('OMIM:618505', 'Neurodevelopmental disorder with coarse facies and mild distal skeletal abnormalities')	0.0	False
5	Mucopolysaccharidosis type III	MONDO:0018937	('OMIM:618505', 'Neurodevelopmental disorder with coarse facies and mild distal skeletal abnormalities')	0.0	False
