rank	disease_name	disease_identifier	correct_ID	grounded_score	is_correct
1	Spinocerebellar ataxia type 6	MONDO:0008457	('OMIM:606658', 'Spinocerebellar ataxia 15')	0.0	False
2	Spinocerebellar ataxia type 1	MONDO:0008119	('OMIM:606658', 'Spinocerebellar ataxia 15')	0.0	False
3	Spinocerebellar ataxia type 3	MONDO:0007182	('OMIM:606658', 'Spinocerebellar ataxia 15')	0.0	False
4	Spinocerebellar ataxia type 8	MONDO:0012116	('OMIM:606658', 'Spinocerebellar ataxia 15')	0.0	False
