rank	disease_name	disease_identifier	correct_ID	grounded_score	is_correct
1	SLC4A1-related distal renal tubular acidosis	MONDO:0012700	('OMIM:179800', 'Distal renal tubular acidosis 1')	0.0	False
2	ATP6V1B1-related distal renal tubular acidosis	MONDO:0012700	('OMIM:179800', 'Distal renal tubular acidosis 1')	0.0	False
3	Carbonic anhydrase II deficiency syndrome	N/A	('OMIM:179800', 'Distal renal tubular acidosis 1')	0.0	False
4	Bartter syndrome	MONDO:0015231	('OMIM:179800', 'Distal renal tubular acidosis 1')	0.0	False
