rank	disease_name	disease_identifier	correct_ID	grounded_score	is_correct
1	Angelman syndrome	MONDO:0007113	('OMIM:612313', 'Glass syndrome')	0.0	False
2	Rett syndrome	MONDO:0010726	('OMIM:612313', 'Glass syndrome')	0.0	False
3	Rubinstein-Taybi syndrome	MONDO:0019188	('OMIM:612313', 'Glass syndrome')	0.0	False
4	Kabuki syndrome	MONDO:0016512	('OMIM:612313', 'Glass syndrome')	0.0	False
4	Kabuki syndrome	MONDO:0007843	('OMIM:612313', 'Glass syndrome')	0.0	False
5	Williams syndrome	MONDO:0008678	('OMIM:612313', 'Glass syndrome')	0.0	False
6	Smith-Magenis syndrome	MONDO:0008434	('OMIM:612313', 'Glass syndrome')	0.0	False
7	Sotos syndrome	MONDO:0019349	('OMIM:612313', 'Glass syndrome')	0.0	False
