rank	disease_name	disease_identifier	correct_ID	grounded_score	is_correct
1	Jacobsen syndrome	MONDO:0007838	('OMIM:620654', 'Thrombocytopenia 11 with multiple congenital anomalies and dysmorphic facies')	0.0	False
2	DiGeorge syndrome (22q11.2 deletion syndrome)	MONDO:0012020	('OMIM:620654', 'Thrombocytopenia 11 with multiple congenital anomalies and dysmorphic facies')	0.0	False
3	Williams syndrome	MONDO:0008678	('OMIM:620654', 'Thrombocytopenia 11 with multiple congenital anomalies and dysmorphic facies')	0.0	False
4	Chromosome 4p deletion syndrome (Wolf-Hirschhorn syndrome)	N/A	('OMIM:620654', 'Thrombocytopenia 11 with multiple congenital anomalies and dysmorphic facies')	0.0	False
5	Smith-Lemli-Opitz syndrome	MONDO:0010035	('OMIM:620654', 'Thrombocytopenia 11 with multiple congenital anomalies and dysmorphic facies')	0.0	False
6	Holoprosencephaly	MONDO:0016296	('OMIM:620654', 'Thrombocytopenia 11 with multiple congenital anomalies and dysmorphic facies')	0.0	False
7	Trisomy 13	MONDO:0018068	('OMIM:620654', 'Thrombocytopenia 11 with multiple congenital anomalies and dysmorphic facies')	0.0	False
