rank	disease_name	disease_identifier	correct_ID	grounded_score	is_correct
1	Autoimmune Polyendocrine Syndrome Type 1 (APS-1)	MONDO:0010012	('OMIM:240300', 'Autoimmune polyendocrinopathy syndrome , type I, with or without reversible metaphyseal dysplasia')	0.0	False
2	Autoimmune Polyendocrine Syndrome Type 2 (APS-2)	MONDO:0010012	('OMIM:240300', 'Autoimmune polyendocrinopathy syndrome , type I, with or without reversible metaphyseal dysplasia')	0.0	False
