rank	disease_name	disease_identifier	correct_ID	grounded_score	is_correct
1	Holt-Oram syndrome	MONDO:0007732	('OMIM:142900', 'Holt-Oram syndrome')	1.0	True
2	Fanconi anemia	MONDO:0019391	('OMIM:142900', 'Holt-Oram syndrome')	0.0	False
2	Fanconi anemia	MONDO:0009215	('OMIM:142900', 'Holt-Oram syndrome')	0.0	False
3	VACTERL association	MONDO:0008642	('OMIM:142900', 'Holt-Oram syndrome')	0.0	False
4	Ellis-van Creveld syndrome	MONDO:0009162	('OMIM:142900', 'Holt-Oram syndrome')	0.0	False
5	Townes-Brocks syndrome	MONDO:0007142	('OMIM:142900', 'Holt-Oram syndrome')	0.0	False
