rank	disease_name	disease_identifier	correct_ID	grounded_score	is_correct
1	Loeys-Dietz syndrome	MONDO:0018954	('OMIM:613795', 'Loeys-Dietz syndrome 3')	0.5	True
2	Marfan syndrome	MONDO:0007947	('OMIM:613795', 'Loeys-Dietz syndrome 3')	0.0	False
3	Ehlers-Danlos syndrome (vascular type)	MONDO:0016469	('OMIM:613795', 'Loeys-Dietz syndrome 3')	0.0	False
4	Familial thoracic aortic aneurysm and dissection	MONDO:0019625	('OMIM:613795', 'Loeys-Dietz syndrome 3')	0.0	False
5	Shprintzen-Goldberg syndrome	MONDO:0008426	('OMIM:613795', 'Loeys-Dietz syndrome 3')	0.0	False
