rank	disease_name	disease_identifier	correct_ID	grounded_score	is_correct
1	Rett syndrome	MONDO:0010726	('OMIM:612164', 'Developmental and epileptic encephalopathy 4')	0.0	False
2	Angelman syndrome	MONDO:0007113	('OMIM:612164', 'Developmental and epileptic encephalopathy 4')	0.0	False
3	Dravet syndrome	MONDO:0100135	('OMIM:612164', 'Developmental and epileptic encephalopathy 4')	0.0	False
3	Dravet syndrome	MONDO:0100079	('OMIM:612164', 'Developmental and epileptic encephalopathy 4')	0.0	False
4	Tuberous sclerosis complex	MONDO:0001734	('OMIM:612164', 'Developmental and epileptic encephalopathy 4')	0.0	False
4	Tuberous sclerosis complex	MONDO:0008612	('OMIM:612164', 'Developmental and epileptic encephalopathy 4')	0.0	False
5	Lennox-Gastaut syndrome	MONDO:0016532	('OMIM:612164', 'Developmental and epileptic encephalopathy 4')	0.0	False
6	Unverricht-Lundborg disease (Progressive myoclonus epilepsy type 1)	MONDO:0009698	('OMIM:612164', 'Developmental and epileptic encephalopathy 4')	0.0	False
7	Juvenile Huntington disease	MONDO:0016621	('OMIM:612164', 'Developmental and epileptic encephalopathy 4')	0.0	False
8	Mitochondrial encephalomyopathy, lactic acidosis, and stroke-like episodes (MELAS)	MONDO:0010789	('OMIM:612164', 'Developmental and epileptic encephalopathy 4')	0.0	False
