rank	disease_name	disease_identifier	correct_ID	grounded_score	is_correct
1	Ehlers-Danlos Syndrome	MONDO:0020066	('OMIM:614816', 'Loeys-Dietz syndrome 4')	0.0	False
2	Marfan Syndrome	MONDO:0007947	('OMIM:614816', 'Loeys-Dietz syndrome 4')	0.0	False
3	Loeys-Dietz Syndrome	MONDO:0018954	('OMIM:614816', 'Loeys-Dietz syndrome 4')	0.5	True
4	Homocystinuria	MONDO:0004737	('OMIM:614816', 'Loeys-Dietz syndrome 4')	0.0	False
5	Skeletal Dysplasia	MONDO:0018230	('OMIM:614816', 'Loeys-Dietz syndrome 4')	0.0	False
5	Skeletal Dysplasia	MONDO:0005516	('OMIM:614816', 'Loeys-Dietz syndrome 4')	0.0	False
